

 NAS Parallel Benchmarks 3.4 -- CG Benchmark

 Size:    9000000  (class E)
 Iterations:   100
 Number of nonzeroes per row:       26
 Eigenvalue shift:  1500.000
 Total number of processes:    128

   iteration           ||r||                 zeta
        1       0.16833033083212E-11  1499.9998413806252
        2       0.48452335501284E-15    72.8774756683831
        3       0.50005228698630E-15    73.2915890919505
        4       0.50494414747551E-15    73.6707042243706
        5       0.50746088763796E-15    74.0174332195447
        6       0.50928674647924E-15    74.3342550247025
        7       0.51034124986348E-15    74.6235104535424
        8       0.51096364498326E-15    74.8874001510972
        9       0.51141953021190E-15    75.1279849103082
       10       0.51181731580724E-15    75.3471878618511
       11       0.51206576493173E-15    75.5467981207908
       12       0.51272862154539E-15    75.7284755317257
       13       0.51300219339153E-15    75.8937562100600
       14       0.51318102621184E-15    76.0440586262418
       15       0.51369609843860E-15    76.1806900244599
       16       0.51410976075425E-15    76.3048530077117
       17       0.51450029439261E-15    76.4176521533536
       18       0.51453694301536E-15    76.5201005541549
       19       0.51508009210950E-15    76.6131262034705
       20       0.51512830686733E-15    76.6975781642411
       21       0.51591281401820E-15    76.7742324785734
       22       0.51606984538857E-15    76.8437977880419
       23       0.51628967922176E-15    76.9069206474067
       24       0.51670307556215E-15    76.9641905218732
       25       0.51696844277045E-15    77.0161444661826
       26       0.51736718651919E-15    77.0632714889214
       27       0.51771804109447E-15    77.1060166097682
       28       0.51796495273190E-15    77.1447846197418
       29       0.51782036607612E-15    77.1799435578575
       30       0.51803487926847E-15    77.2118279176448
       31       0.51871439173086E-15    77.2407415992288
       32       0.51859621952260E-15    77.2669606216959
       33       0.51880502790713E-15    77.2907356118342
       34       0.51893956090702E-15    77.3122940842952
       35       0.51923393435859E-15    77.3318425279183
       36       0.51954056989143E-15    77.3495683124877
       37       0.51984538621780E-15    77.3656414304601
       38       0.51965032187121E-15    77.3802160851574
       39       0.51982563622175E-15    77.3934321393688
       40       0.52005716829562E-15    77.4054164341846
       41       0.52025697130001E-15    77.4162839903292
       42       0.52005986866174E-15    77.4261391005462
       43       0.52037241869891E-15    77.4350763236991
       44       0.52060918048313E-15    77.4431813878434
       45       0.52026645498805E-15    77.4505320111589
       46       0.52039431287338E-15    77.4571986472981
       47       0.52085214800312E-15    77.4632451625546
       48       0.52091007183008E-15    77.4687294502428
       49       0.52092258065260E-15    77.4737039884824
       50       0.52117592396246E-15    77.4782163460600
       51       0.52095595193911E-15    77.4823096416412
       52       0.52108686938399E-15    77.4860229600718
       53       0.52081408819864E-15    77.4893917297668
       54       0.52129596434138E-15    77.4924480652853
       55       0.52112105665418E-15    77.4952210776669
       56       0.52138474039990E-15    77.4977371556247
       57       0.52140644878436E-15    77.5000202208926
       58       0.52151951775233E-15    77.5020919591061
       59       0.52133901217337E-15    77.5039720295231
       60       0.52162470090127E-15    77.5056782548411
       61       0.52135343825414E-15    77.5072267932653
       62       0.52163430822406E-15    77.5086322944630
       63       0.52163024810864E-15    77.5099080409047
       64       0.52162348896991E-15    77.5110660759035
       65       0.52120195768433E-15    77.5121173195814
       66       0.52187689403334E-15    77.5130716741867
       67       0.52150049628296E-15    77.5139381191420
       68       0.52184222859447E-15    77.5147247975806
       69       0.52174095065195E-15    77.5154390944856
       70       0.52135451033533E-15    77.5160877076012
       71       0.52191420535922E-15    77.5166767116245
       72       0.52212326474955E-15    77.5172116164672
       73       0.52184545972510E-15    77.5176974201509
       74       0.52206107921653E-15    77.5181386562433
       75       0.52171743687902E-15    77.5185394376044
       76       0.52182388509701E-15    77.5189034953980
       77       0.52171361249417E-15    77.5192342147475
       78       0.52185632920560E-15    77.5195346669746
       79       0.52194516289665E-15    77.5198076388860
       80       0.52193806599650E-15    77.5200556592540
       81       0.52206327328697E-15    77.5202810227183
       82       0.52185701828197E-15    77.5204858118345
       83       0.52195891164341E-15    77.5206719164516
       84       0.52173551451263E-15    77.5208410519094
       85       0.52214353059603E-15    77.5209947751805
       86       0.52177437858952E-15    77.5211344993772
       87       0.52169992713427E-15    77.5212615074634
       88       0.52202427845756E-15    77.5213769639963
       89       0.52175988888057E-15    77.5214819262683
       90       0.52203159481066E-15    77.5215773542263
       91       0.52186853387605E-15    77.5216641194495
       92       0.52159319149849E-15    77.5217430133935
       93       0.52193237493112E-15    77.5218147547030
       94       0.52178777252913E-15    77.5218799960776
       95       0.52174945100298E-15    77.5219393302120
       96       0.52172006875946E-15    77.5219932954569
       97       0.52169013821904E-15    77.5220423807968
       98       0.52152439896002E-15    77.5220870303892
       99       0.52168176677316E-15    77.5221276477419
      100       0.52159341021803E-15    77.5221645993970
 Benchmark completed 
 VERIFICATION SUCCESSFUL 
 Zeta is     0.7752216459940E+02
 Error is    0.1805637389876E-12


 CG Benchmark Completed.
 Class           =                        E
 Size            =                  9000000
 Iterations      =                      100
 Time in seconds =                  1756.70
 Total processes =                      128
 Active processes=                      128
 Mop/s total     =                 18836.09
 Mop/s/process   =                   147.16
 Operation type  =           floating point
 Verification    =               SUCCESSFUL
 Version         =                    3.4.2
 Compile date    =              03 May 2023

 Compile options:
    MPIFC        = mpif90
    FLINK        = $(MPIFC)
    FMPI_LIB     = (none)
    FMPI_INC     = (none)
    FFLAGS       = -O3
    FLINKFLAGS   = $(FFLAGS)
    RAND         = randi8


 Please send feedbacks and/or the results of this run to:

 NPB Development Team 
 Internet: npb@nas.nasa.gov


